0.020371
-0.035703
-0.007954
-0.061365
0.044142
-0.091396
-0.114898
0.068927
0.094580
0.116829
0.143945
0.164237
0.193041
0.216977
0.241813
0.267437
0.289159
0.315186
0.334430
-0.146440
-0.167995
-0.199765
-0.219872
0.359697
0.376898
-0.251031
-0.269849
-0.299743
-0.317304
-0.345373
-0.361681
-0.387486
-0.402494
-0.425670
-0.439308
-0.459557
-0.471749
-0.488835
-0.499492
-0.513212
-0.522272
-0.532475
-0.539891
-0.546504
-0.552196
-0.555198
-0.558994
-0.558115
-0.560139
-0.555342
-0.555654
-0.547135
-0.545623
-0.533428
-0.530132
-0.514472
-0.509368
-0.490392
-0.483519
-0.461392
-0.452828
-0.427764
0.400542
0.415928
-0.417585
-0.389816
-0.378124
-0.347914
-0.334823
-0.302468
-0.288104
0.437336
0.451009
-0.253909
-0.238432
-0.202759
-0.186299
0.469736
0.481719
-0.149527
-0.132166
-0.094543
0.497410
0.507717
-0.076333
0.520119
0.528733
-0.037258
-0.019369
0.537716
0.544535
0.549878
0.554965
0.556660
0.559947
0.557889
0.559687
0.020483
0.553285
0.556421
0.037641
0.076384
0.094010
0.131446
0.548427
0.543244
0.149323
0.185432
0.203060
0.237320
0.254595
0.286769
0.303452
0.333302
0.349164
0.376418
0.391286
0.415711
0.429419
0.450801
0.463203
0.481357
0.492310
0.507105
0.516415
0.527794
0.535187
0.171129
0.219054
0.121726
-0.033854
0.018478
0.070609
0.266150
-0.086495
0.312228
-0.139482
-0.192143
0.356386
-0.243538
0.397673
-0.292868
-0.339480
-0.382815
-0.535502
-0.422389
-0.551111
-0.514612
-0.457779
-0.488622
-0.561289
0.435372
-0.565889
-0.504729
-0.476599
-0.527821
-0.443692
-0.545651
-0.558028
-0.564804
-0.406318
0.468955
-0.364829
-0.319627
-0.271153
0.498009
-0.219893
0.522207
-0.166351
0.541285
-0.111003
0.555038
0.563339
0.566235
-0.054306
0.546499
0.529932
0.507852
0.480516
0.448287
0.411511
0.370542
0.325764
0.277599
0.557798
0.226499
0.564267
0.003152
0.172940
0.117465
0.060659
0.197756
0.149212
0.244964
0.098284
-0.007196
0.045606
-0.059742
0.291768
-0.112811
0.337603
-0.166326
-0.219275
0.381219
-0.270602
-0.319503
0.421584
-0.365348
-0.407611
-0.551297
-0.532601
-0.445834
-0.508638
-0.479622
-0.564573
-0.572293
-0.499500
-0.525316
0.458013
-0.468693
-0.574317
-0.545900
-0.561040
-0.433180
-0.570555
-0.393291
-0.349405
0.490027
-0.301947
-0.251387
0.517259
-0.198241
0.539421
-0.143033
0.556278
0.567662
0.573524
-0.086247
0.546029
0.526296
0.501075
0.470690
0.435513
0.395903
0.352232
0.574031
-0.028348
0.304910
0.254374
0.560299
0.201086
0.569547
0.145549
0.030105
0.088338
0.176763
0.224758
0.126559
0.073763
0.020011
-0.033317
0.272142
-0.086723
0.319332
-0.140939
-0.195368
0.365181
-0.248759
0.408277
-0.300055
-0.348498
-0.393508
-0.552145
-0.434595
-0.530390
-0.568462
-0.503373
-0.471338
-0.579207
0.447644
-0.584242
-0.522539
-0.493769
-0.546105
-0.583431
-0.564238
-0.460055
-0.576735
-0.421705
0.482680
-0.379076
-0.332574
-0.282655
0.512974
-0.229826
0.538215
-0.174629
0.558152
0.572587
-0.117584
0.581416
0.584688
0.546253
-0.059154
0.523365
0.495037
0.461629
0.423515
0.381069
0.334686
0.563564
0.284795
0.000190
0.231845
0.582637
0.176315
0.059776
0.118747
0.575578
0.204880
0.155257
0.102838
0.253079
0.048377
-0.006229
-0.060505
0.301246
-0.115370
0.348991
-0.171029
-0.226415
0.394772
-0.280199
-0.331388
0.437202
-0.379294
-0.423381
-0.553437
-0.572872
-0.463200
-0.528531
-0.498361
-0.586693
-0.594769
-0.596954
0.475423
-0.519763
-0.546465
-0.567738
-0.487875
-0.593145
-0.583362
-0.451086
-0.409729
-0.364191
0.508927
-0.314909
-0.262377
0.537370
-0.207137
0.560488
-0.149741
0.578062
0.589953
-0.090681
0.596146
0.546894
0.520772
0.489261
0.452736
0.411582
0.366189
0.567389
-0.030410
0.316976
0.596781
0.264384
0.208878
0.030507
0.150970
0.091262
0.582361
0.592121
0.184701
0.234354
0.132743
0.078043
0.022156
0.283457
-0.033531
-0.089354
0.332684
-0.146074
-0.203261
0.380927
-0.259558
0.426484
-0.313663
-0.364677
-0.411974
-0.455065
-0.577940
-0.555239
-0.493535
-0.527027
-0.594963
0.468093
-0.606179
-0.611449
-0.610634
-0.547233
-0.571794
-0.517233
-0.590682
-0.603686
-0.482056
-0.442012
0.505033
-0.397464
-0.348830
-0.296588
0.536885
-0.241272
0.563361
-0.183450
0.584234
0.599336
-0.123655
0.608605
-0.062357
0.548006
0.518513
0.483669
0.612119
0.443864
0.399493
0.571848
0.350971
0.298731
-0.000060
0.243230
0.184959
0.590001
0.062522
0.610074
0.124487
0.602683
0.163672
0.215551
0.109008
0.265992
0.052162
-0.005198
-0.062495
0.316487
-0.120414
0.366835
-0.179222
-0.237946
0.415437
-0.295099
-0.349469
0.460609
-0.400250
-0.446876
-0.488899
-0.583828
-0.557669
-0.525938
-0.604227
-0.618731
-0.627207
-0.629510
0.501258
-0.576604
-0.625538
-0.548573
-0.598921
-0.615298
-0.515076
-0.476398
-0.432877
-0.384911
0.536792
-0.332957
-0.277536
0.566872
-0.219221
0.591257
-0.158580
0.609763
0.622294
-0.096119
0.628877
0.549698
0.516648
0.478267
0.577076
0.434959
0.387141
-0.032328
0.335243
0.279716
0.629658
0.598639
0.221037
0.032166
0.159746
0.096509
0.624823
0.614496
0.196117
0.141384
0.248601
0.083919
0.024962
0.300520
-0.034242
-0.093774
0.352672
-0.154217
-0.215231
0.404069
-0.275467
0.452859
-0.333424
-0.388004
-0.438491
-0.484375
-0.590617
-0.525246
-0.560756
-0.614613
-0.632594
0.497483
-0.644436
-0.650002
-0.649157
-0.582253
-0.641848
-0.608204
-0.628141
-0.550525
-0.513286
-0.470848
0.537029
-0.423583
-0.371927
-0.316385
0.571025
-0.257523
0.599196
-0.195933
0.621349
0.637363
-0.132165
0.647228
-0.066724
0.552004
0.515160
0.583144
0.472985
0.425902
0.651051
0.374347
0.318767
-0.000185
0.608357
0.259633
0.066671
0.197461
0.132873
0.648990
0.627657
0.641177
0.175515
0.230797
0.117545
0.057248
0.284666
-0.004035
-0.065666
0.338573
-0.128023
0.392459
-0.191282
-0.254544
0.444750
-0.316242
-0.374942
0.493531
-0.429667
-0.479785
-0.524836
-0.598304
-0.564446
-0.626165
-0.647862
-0.663272
-0.672272
-0.674726
0.537435
-0.670529
-0.659681
-0.618577
-0.642300
-0.588741
-0.553041
-0.511766
-0.465260
-0.413934
0.575722
-0.358273
-0.298831
0.608025
-0.236210
0.634125
-0.170998
0.653890
0.667283
-0.103736
0.554875
0.674383
0.590048
0.513945
0.467667
-0.034981
0.416482
0.619183
0.360842
0.301213
0.034552
0.238098
0.103920
0.675332
0.172083
0.642211
0.670253
0.659211
0.153300
0.212001
0.091870
0.268552
0.028584
0.324526
-0.035493
-0.100210
0.380732
-0.165878
-0.232131
0.436283
-0.297629
0.489246
-0.360719
-0.420082
-0.474867
-0.524517
0.537801
-0.568617
-0.606829
-0.638883
-0.664587
-0.683812
-0.696455
-0.702393
-0.701508
-0.693735
-0.679119
-0.657813
-0.630031
-0.596011
-0.556017
0.580795
-0.510362
-0.459424
-0.403667
0.617645
-0.343637
-0.279935
0.648068
-0.213171
0.671911
0.689119
-0.143920
0.699757
-0.072753
0.597724
0.558188
0.512831
0.462085
0.631097
0.406404
-0.000348
0.346260
0.703972
0.282149
0.072399
0.214635
0.658174
0.144417
0.701896
0.678992
0.693571
0.191682
0.129129
0.251602
0.063995
0.310252
-0.002651
-0.070149
0.368981
-0.138601
0.427631
-0.207978
-0.277338
0.484614
-0.345011
-0.409371
0.537946
-0.469289
-0.524035
-0.573092
-0.616095
-0.652755
-0.682830
-0.706176
-0.722697
-0.732306
0.586039
-0.734936
-0.730491
-0.718889
-0.700208
-0.674672
-0.642525
-0.603994
-0.559345
-0.508908
0.627919
-0.453091
-0.392447
-0.327644
0.663124
-0.259299
0.691468
-0.187942
0.712842
0.727282
-0.114150
0.606009
0.561728
0.511565
0.644026
-0.038642
0.735004
0.455918
0.395247
0.330071
0.037715
0.675499
0.260976
0.113862
0.188632
0.736240
0.700563
0.731067
0.719210
0.169641
0.233224
0.102725
0.294940
0.033441
0.356974
-0.037015
-0.108654
0.419288
-0.181564
0.480139
-0.255090
-0.327658
0.537916
-0.397264
-0.462656
-0.523091
0.591284
-0.577705
-0.625966
-0.667778
-0.702782
-0.730642
-0.751349
-0.764740
-0.770925
-0.770138
-0.761983
-0.746104
-0.722884
-0.692831
-0.656103
0.638778
-0.612749
-0.563070
-0.507335
-0.445913
0.679270
-0.379799
-0.310001
0.712641
-0.236736
0.738786
-0.160122
0.757292
-0.081155
0.768540
0.614476
0.565170
0.657691
0.509798
0.448623
-0.000973
0.694210
0.382207
0.311285
0.079554
0.773230
0.236709
0.159204
0.723565
0.771727
0.747440
0.763907
0.214218
0.146304
0.277080
0.073323
0.342537
-0.000051
-0.074560
0.411663
-0.151688
0.477844
-0.230170
-0.308533
0.538726
-0.384194
-0.454561
0.596274
-0.521206
-0.582626
-0.636562
-0.683623
-0.724876
-0.757883
-0.783171
-0.800798
-0.809705
0.650323
-0.812366
-0.809063
-0.796552
-0.775054
-0.746868
-0.712597
-0.671356
-0.622602
-0.567751
0.697161
-0.505614
-0.436997
0.735241
-0.365211
-0.291493
0.767486
-0.212672
0.791169
-0.129175
0.805140
0.622654
0.670839
-0.044843
0.568295
0.506893
0.714293
0.812645
0.438950
0.039913
0.365467
0.125097
0.287951
0.207909
0.748894
0.814623
0.774467
0.811713
0.804129
0.201626
0.258365
0.117220
0.318517
0.040487
-0.035728
0.399200
-0.114217
0.483296
-0.202740
0.543899
-0.284968
-0.371940
0.601337
-0.446878
-0.514855
-0.589444
0.659562
-0.649128
-0.700918
-0.745863
-0.792469
-0.815690
-0.845009
-0.852447
-0.856511
-0.857221
-0.857127
-0.830739
-0.806723
0.720759
-0.770124
-0.738769
-0.686754
-0.635276
-0.574089
-0.503736
0.760828
-0.422407
-0.351252
0.794959
-0.275642
0.833696
-0.186658
0.846758
-0.092993
0.854770
0.683080
0.631632
0.570904
0.730596
-0.008889
0.501398
0.424567
0.084454
0.341986
0.174395
0.257767
0.782382
0.858629
0.804491
0.859010
1.000000
1.000000
0.933779
0.926762
1.000000
0.867384
0.948737
0.846516
0.800636
0.775170
1.000000
0.733363
0.885304
0.704683
0.962656
0.665397
0.815301
0.634294
1.000000
0.596580
0.743711
0.563758
0.914119
0.526770
0.672008
0.850524
0.948155
0.492754
0.455859
0.600711
0.420969
0.780788
1.000000
0.383784
0.529657
0.708877
0.348134
0.882559
0.310547
0.458507
0.637056
0.961010
0.274010
0.815655
0.236224
0.386515
0.565609
0.198560
0.744972
1.000000
0.160977
0.313159
0.911214
0.495483
0.122297
0.673066
0.848173
0.085047
0.237696
0.425898
0.943300
0.045820
0.601310
0.780439
0.008738
0.159890
0.353535
0.528994
-0.030755
0.708631
1.000000
-0.067612
0.082169
0.878581
0.280300
0.465556
-0.107416
0.636952
0.815108
-0.143661
0.005435
0.946476
-0.183411
0.565893
0.746914
-0.219094
-0.071689
-0.257839
0.901627
1.000000
0.668472
-0.293647
-0.150089
0.849059
-0.331097
0.603205
-0.367139
0.786762
-0.225522
0.942246
-0.403753
-0.439480
0.723641
-0.296596
0.889449
-0.475522
1.000000
-0.510656
-0.368314
0.825354
-0.546154
-0.580713
-0.440647
-0.267561
0.767862
0.942316
-0.615680
-0.649750
-0.511917
-0.332121
0.872644
-0.684170
1.000000
-0.717901
-0.582077
-0.405726
0.794299
-0.751590
-0.785321
-0.651042
-0.477374
0.946101
-0.817562
-0.852174
-0.718765
-0.548473
0.888700
0.826234
-0.880172
1.000000
-0.901573
-0.784865
-0.618637
-0.443130
-0.941918
-0.950828
-0.849088
-0.686705
-0.512091
0.948028
-1.000000
-1.000000
-0.915224
-1.000000
0.847527
-0.753580
0.893731
-0.587693
1.000000
-0.816969
-0.655925
-0.939966
-1.000000
-0.877127
-0.949446
-0.722368
0.949608
-0.565551
-1.000000
-0.894658
-0.953741
0.895766
-0.791541
-0.903535
-1.000000
-0.626553
-0.845656
1.000000
-0.955838
-0.849490
-0.910480
-0.695183
-1.000000
-0.858783
-0.953168
-0.751580
-0.917336
-0.801987
0.951195
-1.000000
-0.871101
-0.950113
-0.813871
-0.895262
0.900612
-1.000000
-0.670143
-0.746506
1.000000
-0.950630
-0.828783
-0.899062
-1.000000
-0.775735
-0.841945
-0.951247
-0.901815
-0.718620
0.952118
-1.000000
-0.773273
-0.849011
-0.951222
-0.800739
0.903933
-0.903999
-1.000000
-0.854484
1.000000
-0.950784
-0.902184
-1.000000
-0.863751
-0.951015
-0.900598
0.952358
-1.000000
-0.951658
0.905277
-0.902773
-1.000000
1.000000
-0.952098
-0.904131
-1.000000
-0.952831
-0.905240
0.952114
-1.000000
-0.950848
0.905115
-0.911180
-1.000000
1.000000
-0.948799
-0.893248
-1.000000
-0.949192
-0.899746
0.951526
-1.000000
0.857123
-0.948489
-0.856412
0.904337
-0.899177
-1.000000
-0.853859
1.000000
-0.947381
-0.896874
-1.000000
-0.850978
-0.946247
-0.815679
-0.894080
0.950546
-1.000000
-0.844962
0.857077
-0.945245
-0.801233
0.903055
-0.891605
-1.000000
-0.839776
1.000000
-0.944403
-0.791018
-0.889590
-1.000000
-0.835621
-0.943675
-0.783045
-0.888009
-0.741901
0.949236
-1.000000
0.818828
-0.832684
0.855191
-0.942817
-0.776183
0.900311
-0.886650
-0.712688
-1.000000
-0.830741
1.000000
-0.941086
-0.774212
-0.884934
-1.000000
-0.714349
-0.829046
-0.937108
-1.000000
-0.772509
-0.647073
-0.881289
0.947984
-0.714818
-0.827539
0.847092
-0.654506
-1.000000
-0.933775
-0.770677
0.896986
-0.713515
-0.586516
-0.867374
-0.829203
-0.656361
1.000000
-0.768674
-0.605451
-0.711483
-0.654072
-0.800623
-0.596144
0.946964
-0.706810
-0.537013
-0.733352
0.842132
-0.654173
-0.593838
0.894890
-0.468391
-0.533816
-0.665352
1.000000
-0.472270
-0.594727
-0.533388
-0.411114
-0.474293
-0.596561
0.789316
0.945977
-0.410718
-0.526700
0.842283
-0.480772
-0.344243
0.893211
-0.414571
-0.344857
1.000000
-0.455820
-0.270888
-0.346904
-0.383736
0.797119
-0.273485
0.944892
0.744578
0.838671
-0.198057
-0.310481
0.890951
-0.132115
-0.199493
-0.236144
1.000000
-0.125452
-0.062986
-0.160898
0.774569
0.943732
-0.040109
0.015682
0.834395
-0.084959
0.888229
0.699891
0.025409
0.092975
-0.008654
1.000000
0.148041
0.219139
0.067691
0.784881
0.176065
0.943007
0.725723
0.143743
0.828874
0.311888
0.256152
0.884890
0.644937
0.401764
0.219155
1.000000
0.494558
0.332140
0.569531
0.386672
0.293702
0.458384
0.763163
0.577807
0.691011
0.942630
0.391435
0.626967
0.532282
0.816986
0.442876
0.367234
0.885392
0.505305
0.593632
0.652745
0.439553
1.000000
0.570525
0.488376
0.544766
0.735424
0.636163
0.510788
0.942085
0.610902
0.838440
0.707298
0.780316
0.580832
0.885357
0.680229
0.649858
1.000000
0.758745
0.717990
0.826041
0.945590
0.819348
0.785427
0.880880
1.000000
0.852299
0.901648
0.950865
